Region	State	Location	Year	Month	Indiv	Height_cm	NumLeaves	NumInfl.	Pods_num	NumAphidsPods	Top	Middle	Bottom	NumCaterpillars	AvgAphidsPerLeaf	Total_aphids_leaves	Aphids_plant
East	PA	5	2019	7	3	97	26	0	2	1	0	0	0	0	0	0	2
East	PA	Forevergreen_	2019	7	3	112	12	0	4	0	0	0	1	0	0.333333333	1	4
Midwest	MI	18	2018	9	4	123.3	13	0	5	0	0	0	1	0	0.333333333	1	4.333333333
East	PA	6	2019	6	4	30	14	0	0	0	0	1	0	0	0.333333333	1	4.666666667
East	PA	3	2019	6	4	35	14	0	0	0	1	0	0	0	0.333333333	1	4.666666667
East	PA	5	2019	6	5	32	14	0	0	0	1	0	0	0	0.333333333	1	4.666666667
East	PA	3	2019	6	4	42	14	0	0	0	1	0	0	0	0.333333333	1	4.666666667
East	PA	5	2019	6	7	53	14	0	0	0	1	0	0	0	0.333333333	1	4.666666667
East	PA	3	2019	6	5	46	16	2	0	0	1	0	0	0	0.333333333	1	5.333333333
East	PA	3	2019	6	5	75	16	4	0	0	0	1	0	0	0.333333333	1	5.333333333
East	PA	Forevergreen_	2019	6	3	111	16	5	0	1	0	0	1	0	0.333333333	1	5.333333333
East	PA	5	2019	6	5	41	16	0	0	0	1	0	0	0	0.333333333	1	5.333333333
East	PA	3	2019	7	12	33	16	0	0	0	1	0	0	0	0.333333333	1	5.333333333
East	PA	Forevergreen_	2019	7	2	111	17	0	4	0	0	0	1	0	0.333333333	1	5.666666667
East	PA	Forevergreen_	2019	7	7	124	17	0	8	0	0	0	1	0	0.333333333	1	5.666666667
East	PA	3	2019	6	10	42	18	0	0	0	1	0	0	0	0.333333333	1	6
East	PA	3	2019	6	5	91	18	3	0	0	0	1	0	0	0.333333333	1	6
East	PA	Forevergreen_	2019	7	2	110	18	5	0	1	0	1	0	0	0.333333333	1	6
East	PA	Forevergreen_	2019	7	4	109	18	0	2	0	0	1	0	0	0.333333333	1	6
Midwest	MI	24	2020	9	1	87	6	0	2	1	2	0	0	0	0.666666667	2	6
East	PA	1	2019	6	4	68	19	0	0	0	1	0	0	0	0.333333333	1	6.333333333
East	PA	Cherry_Valley_A	2019	7	5	93	19	0	0	1	0	1	0	0	0.333333333	1	6.333333333
East	PA	Forevergreen_	2019	7	7	128	19	0	0	0	1	0	0	0	0.333333333	1	6.333333333
East	PA	Forevergreen_	2019	7	5	101	19	0	1	0	0	1	0	0	0.333333333	1	6.333333333
East	PA	4	2019	7	1	66	19	0	0	0	0	1	0	0	0.333333333	1	6.333333333
East	PA	3	2019	6	1	35	20	0	0	0	0	1	0	0	0.333333333	1	6.666666667
East	PA	3	2019	6	6	58	20	3	0	0	1	0	0	0	0.333333333	1	6.666666667
East	PA	5	2019	6	10	47	20	0	0	0	1	0	0	0	0.333333333	1	6.666666667
East	PA	1	2019	6	8	90	20	2	0	0	1	0	0	0	0.333333333	1	6.666666667
East	PA	Cherry_Valley_A	2019	6	5	94	20	0	0	1	0	0	1	0	0.333333333	1	6.666666667
East	PA	5	2019	6	9	31	20	0	0	0	0	1	0	0	0.333333333	1	6.666666667
East	PA	5	2019	7	8	59	20	0	0	0	0	1	0	0	0.333333333	1	6.666666667
East	PA	5	2019	7	3	81	20	0	0	0	1	0	0	0	0.333333333	1	6.666666667
East	PA	5	2019	7	8	61	20	0	0	0	0	1	0	0	0.333333333	1	6.666666667
East	PA	Cherry_Valley_A	2019	7	5	99	21	0	0	0	0	1	0	0	0.333333333	1	7
East	PA	6	2019	7	4	70	21	0	0	0	0	0	1	0	0.333333333	1	7
East	PA	4	2019	7	12	66	3	0	0	0	3	0	4	0	2.333333333	7	7
Midwest	MI	15	2018	9	8	112.1	23	0	7	1	0	0	0	0	0	0	7
Midwest	MI	16	2018	9	6	96.1	21	0	0	0	0	0	1	1	0.333333333	1	7
East	PA	5	2019	6	4	36	22	0	0	0	1	0	0	0	0.333333333	1	7.333333333
East	PA	Forevergreen_	2019	6	6	92	22	4	0	1	0	1	0	0	0.333333333	1	7.333333333
East	PA	Cherry_Valley_A	2019	6	9	91	22	0	0	1	0	1	0	0	0.333333333	1	7.333333333
East	PA	Forevergreen_	2019	7	5	101	22	4	0	1	1	0	0	0	0.333333333	1	7.333333333
East	PA	4	2019	7	1	62	22	0	0	0	0	1	0	0	0.333333333	1	7.333333333
East	PA	5	2019	7	7	79	23	0	0	0	1	0	0	0	0.333333333	1	7.666666667
East	PA	1	2019	7	12	84	23	0	0	0	0	1	0	0	0.333333333	1	7.666666667
East	PA	3	2019	6	8	31	24	0	0	0	0	1	0	0	0.333333333	1	8
East	PA	Cherry_Valley_A	2019	6	4	102	24	0	0	1	1	0	0	0	0.333333333	1	8
East	PA	Cherry_Valley_A	2019	7	7	110	25	5	0	0	1	0	0	0	0.333333333	1	8.333333333
East	PA	Cherry_Valley_A	2019	7	8	110	25	0	0	0	1	0	0	0	0.333333333	1	8.333333333
East	PA	3	2019	6	1	47	26	1	0	0	1	0	0	0	0.333333333	1	8.666666667
East	PA	1	2019	7	3	104	26	3	0	0	0	1	0	0	0.333333333	1	8.666666667
East	PA	4	2019	7	4	80	26	0	0	0	0	1	0	0	0.333333333	1	8.666666667
East	PA	5	2019	7	7	86	26	0	0	0	0	1	0	0	0.333333333	1	8.666666667
Midwest	MI	15	2018	9	10	102.2	13	0	5	0	2	0	0	0	0.666666667	2	8.666666667
East	PA	Cherry_Valley_A	2019	7	1	95	27	0	0	0	0	0	1	0	0.333333333	1	9
East	PA	5	2019	6	5	37	14	0	0	0	2	0	0	0	0.666666667	2	9.333333333
East	PA	Cherry_Valley_A	2019	7	9	105	28	0	0	0	0	1	0	0	0.333333333	1	9.333333333
East	PA	3	2019	7	7	46	14	0	0	0	0	0	2	0	0.666666667	2	9.333333333
Midwest	IN	8	2020	9	4	45	14	0	0	0	0	0	2	0	0.666666667	2	9.333333333
East	PA	4	2019	6	7	29	10	0	0	0	3	0	0	0	1	3	10
Midwest	MI	10	2020	9	4	60	5	0	0	0	3	3	0	0	2	6	10
Midwest	MI	16	2018	9	2	140.2	10	0	5	0	0	0	3	0	1	3	10
East	PA	3	2019	6	8	24	16	0	0	0	2	0	0	0	0.666666667	2	10.66666667
East	PA	Cherry_Valley_A	2019	7	8	114	32	0	0	0	1	0	0	0	0.333333333	1	10.66666667
East	PA	Forevergreen_	2019	7	9	113	16	0	0	0	1	0	1	0	0.666666667	2	10.66666667
East	PA	Forevergreen_	2019	7	7	127	16	0	4	0	0	0	2	0	0.666666667	2	10.66666667
East	PA	Forevergreen_	2019	7	9	114	16	0	0	0	0	0	2	0	0.666666667	2	10.66666667
East	PA	Forevergreen_	2019	7	1	113	17	0	6	0	2	0	0	0	0.666666667	2	11.33333333
East	PA	3	2019	7	8	49	34	0	0	0	1	0	0	0	0.333333333	1	11.33333333
East	PA	5	2019	7	10	73	35	1	0	0	0	1	0	0	0.333333333	1	11.66666667
East	PA	5	2019	6	2	33	12	0	0	0	2	1	0	0	1	3	12
East	PA	6	2019	6	4	48	18	2	0	0	2	0	0	0	0.666666667	2	12
East	PA	Forevergreen_	2019	6	2	102	18	5	0	2	1	1	0	0	0.666666667	2	12
East	PA	Cherry_Valley_B	2019	6	6	110	18	5	0	2	1	0	1	0	0.666666667	2	12
East	PA	4	2019	7	8	111	36	5	0	0	0	0	1	0	0.333333333	1	12
East	PA	Forevergreen_	2019	7	4	109	18	0	3	0	0	1	1	0	0.666666667	2	12
East	PA	1	2019	8	3	117	36	0	5	0	1	0	0	0	0.333333333	1	12
Midwest	MI	16	2018	9	3	132.5	12	0	4	0	2	0	1	0	1	3	12
East	PA	Forevergreen_	2019	7	7	123	19	5	0	2	0	1	1	0	0.666666667	2	12.66666667
East	PA	Forevergreen_	2019	7	8	116	19	0	3	0	0	0	2	0	0.666666667	2	12.66666667
East	PA	Forevergreen_	2019	7	3	111	13	1	0	0	1	1	1	0	1	3	13
Midwest	MI	24	2020	9	7	134	39	0	11	0	1	0	0	0	0.333333333	1	13
East	PA	Cherry_Valley_B	2019	6	7	109	20	4	0	2	1	1	0	0	0.666666667	2	13.33333333
East	PA	Cherry_Valley_A	2019	7	6	129	40	0	11	0	0	0	1	0	0.333333333	1	13.33333333
East	PA	Cherry_Valley_A	2019	.	5	100	21	0	0	0	0	2	0	0	0.666666667	2	14
East	PA	Cherry_Valley_A	2019	7	1	75	21	0	0	2	1	1	0	0	0.666666667	2	14
East	PA	Forevergreen_	2019	7	3	114	7	0	3	0	4	0	2	0	2	6	14
East	PA	Cherry_Valley_A	2019	7	4	100	21	0	0	0	0	2	0	0	0.666666667	2	14
Midwest	MI	15	2018	9	1	112.1	21	0	13	0	1	0	1	0	0.666666667	2	14
East	PA	6	2019	7	2	54	22	0	0	0	0	0	2	0	0.666666667	2	14.66666667
Midwest	MI	11	2020	9	5	140	2	0	5	3	0	0	0	0	0	0	15
Midwest	MI	16	2018	9	4	121.2	11	0	5	3	0	0	0	0	0	0	15
East	PA	Cherry_Valley_A	2019	6	8	104	23	0	0	2	1	0	1	0	0.666666667	2	15.33333333
East	PA	6	2019	7	5	41	23	0	0	0	0	0	2	0	0.666666667	2	15.33333333
East	PA	Forevergreen_	2019	7	10	109	23	0	2	0	0	0	2	0	0.666666667	2	15.33333333
East	PA	Forevergreen_	2019	7	6	111	23	0	3	0	0	2	0	0	0.666666667	2	15.33333333
East	PA	5	2019	6	4	50	24	1	0	0	1	1	0	0	0.666666667	2	16
East	PA	Forevergreen_	2019	6	10	97	24	3	0	2	1	1	0	0	0.666666667	2	16
Midwest	MI	15	2018	9	6	128	16	0	9	0	0	0	3	0	1	3	16
Midwest	MI	24	2020	9	5	98	6	0	8	2	0	0	0	0	0	0	16
East	PA	3	2019	7	10	35	25	0	0	0	0	2	0	0	0.666666667	2	16.66666667
East	PA	6	2019	7	5	42	25	0	0	0	0	2	0	0	0.666666667	2	16.66666667
Midwest	MI	15	2018	9	4	139.2	13	0	16	0	1	1	2	0	1.333333333	4	17.33333333
Midwest	MI	20	2018	9	3	122.2	26	0	0	0	1	0	1	0	0.666666667	2	17.33333333
East	PA	5	2019	6	2	39	18	0	0	0	3	0	0	0	1	3	18
East	PA	5	2019	6	4	29	14	0	0	0	4	0	0	0	1.333333333	4	18.66666667
East	PA	Cherry_Valley_A	2019	.	4	114	28	0	0	0	0	0	2	0	0.666666667	2	18.66666667
East	PA	3	2019	6	6	62	28	1	0	0	0	2	0	0	0.666666667	2	18.66666667
East	PA	Cherry_Valley_A	2019	7	2	116	28	0	0	0	1	1	0	0	0.666666667	2	18.66666667
East	PA	Forevergreen_	2019	7	2	112	14	0	4	0	3	0	1	0	1.333333333	4	18.66666667
East	PA	Cherry_Valley_A	2019	.	10	122	29	1	9	0	0	1	1	0	0.666666667	2	19.33333333
East	PA	5	2019	6	1	86	30	5	0	0	0	2	0	0	0.666666667	2	20
East	PA	Cherry_Valley_A	2019	7	10	123	30	4	0	2	0	1	1	0	0.666666667	2	20
East	PA	Cherry_Valley_A	2019	7	4	118	30	0	0	0	0	0	2	0	0.666666667	2	20
East	PA	Forevergreen_	2019	7	10	114	20	0	2	0	2	0	1	1	1	3	20
East	PA	Cherry_Valley_B	2019	6	2	115	31	4	0	2	1	0	1	0	0.666666667	2	20.66666667
East	PA	Forevergreen_	2019	7	7	130	16	0	4	0	2	1	1	0	1.333333333	4	21.33333333
East	PA	Cherry_Valley_A	2019	7	4	97	33	0	0	0	0	0	2	0	0.666666667	2	22
Midwest	MI	18	2018	9	3	137.4	23	0	7	0	1	0	2	0	1	3	23
East	PA	3	2019	6	1	26	18	0	0	0	4	0	0	0	1.333333333	4	24
East	PA	Cherry_Valley_A	2019	.	6	129	36	0	7	0	1	1	0	0	0.666666667	2	24
East	PA	Cherry_Valley_B	2019	6	8	101	18	3	0	4	3	1	0	0	1.333333333	4	24
East	PA	Forevergreen_	2019	7	10	106	24	3	0	3	0	3	0	0	1	3	24
Midwest	IN	9	2020	9	4	62	18	0	0	0	4	0	0	0	1.333333333	4	24
Midwest	MI	20	2018	9	6	92.6	24	0	0	0	0	3	0	0	1	3	24
East	PA	Cherry_Valley_A	2019	.	2	104	26	0	0	0	0	3	0	0	1	3	26
East	PA	Cherry_Valley_A	2019	6	7	109	26	4	0	3	1	2	0	0	1	3	26
East	PA	5	2019	6	2	57	26	0	0	0	1	0	2	0	1	3	26
East	PA	Cherry_Valley_B	2019	7	6	115	20	4	0	4	0	3	1	0	1.333333333	4	26.66666667
East	PA	Forevergreen_	2019	7	8	111	20	2	0	0	0	2	2	0	1.333333333	4	26.66666667
East	PA	4	2019	7	11	60	16	0	0	0	2	3	0	0	1.666666667	5	26.66666667
East	PA	3	2019	7	7	47	16	0	0	0	0	4	1	1	1.666666667	5	26.66666667
East	PA	5	2019	7	6	101	27	0	0	0	0	0	3	0	1	3	27
East	PA	5	2019	7	9	49	27	0	0	0	0	1	2	0	1	3	27
Midwest	IN	9	2020	9	3	83	21	0	0	0	3	1	0	0	1.333333333	4	28
Midwest	MI	17	2018	9	10	112.4	14	0	4	4	2	1	0	0	1	3	30
East	PA	5	2019	6	10	56	24	0	0	0	0	3	1	0	1.333333333	4	32
East	PA	Cherry_Valley_A	2019	6	6	118	33	3	0	3	0	2	1	0	1	3	33
East	PA	Forevergreen_	2019	7	5	101	20	0	2	0	2	1	2	0	1.666666667	5	33.33333333
East	PA	Forevergreen_	2019	7	8	112	20	0	3	0	2	3	0	0	1.666666667	5	33.33333333
East	PA	Forevergreen_	2019	7	1	112	17	0	8	0	4	2	0	0	2	6	34
East	PA	1	2019	7	3	112	34	0	5	0	0	3	0	0	1	3	34
East	PA	1	2019	7	8	92	17	0	1	0	0	6	0	0	2	6	34
East	PA	Cherry_Valley_A	2019	.	8	111	26	0	0	0	2	1	1	0	1.333333333	4	34.66666667
East	PA	Cherry_Valley_B	2019	6	5	107	26	3	0	4	1	2	1	0	1.333333333	4	34.66666667
East	PA	Cherry_Valley_A	2019	7	4	106	26	0	0	4	1	0	3	0	1.333333333	4	34.66666667
East	PA	5	2019	7	4	70	26	0	2	0	0	2	2	0	1.333333333	4	34.66666667
East	PA	Cherry_Valley_A	2019	7	7	109	26	0	4	0	0	2	2	0	1.333333333	4	34.66666667
East	PA	Cherry_Valley_A	2019	7	7	111	27	0	5	0	0	3	1	0	1.333333333	4	36
East	PA	Cherry_Valley_A	2019	7	7	110	27	0	5	0	0	2	2	0	1.333333333	4	36
Midwest	MI	17	2018	9	3	76.2	18	0	0	0	3	1	2	0	2	6	36
Midwest	MI	20	2018	9	2	87.6	22	0	0	0	0	0	5	0	1.666666667	5	36.66666667
East	PA	4	2019	6	8	79	28	4	0	0	0	0	4	0	1.333333333	4	37.33333333
Midwest	MI	20	2018	9	8	69.4	17	0	0	0	7	0	0	0	2.333333333	7	39.66666667
East	PA	Cherry_Valley_B	2019	7	4	105	20	2	0	6	1	1	4	0	2	6	40
East	PA	Forevergreen_	2019	7	5	101	20	0	0	0	4	2	0	0	2	6	40
Midwest	MI	23	2020	9	6	160	15	0	12	0	2	6	0	0	2.666666667	8	40
Midwest	MI	15	2018	9	5	86.4	11	0	6	0	0	0	11	0	3.666666667	11	40.33333333
East	PA	5	2019	7	2	72	31	0	0	0	0	3	1	0	1.333333333	4	41.33333333
East	PA	Cherry_Valley_A	2019	7	3	120	25	0	0	5	2	2	1	0	1.666666667	5	41.66666667
East	PA	Forevergreen_	2019	7	4	109	21	4	0	6	3	1	2	0	2	6	42
East	PA	Forevergreen_	2019	7	2	110	18	0	0	0	7	0	0	0	2.333333333	7	42
Midwest	IN	9	2020	9	8	86	18	0	0	0	0	7	0	0	2.333333333	7	42
Midwest	MI	10	2020	9	2	68	21	0	0	0	1	1	4	0	2	6	42
East	PA	Cherry_Valley_A	2019	6	2	105	22	0	0	6	2	4	0	0	2	6	44
East	PA	Cherry_Valley_A	2019	7	3	143	44	0	0	0	0	2	1	0	1	3	44
East	PA	Cherry_Valley_A	2019	6	1	84	19	0	0	7	3	4	0	0	2.333333333	7	44.33333333
East	PA	Forevergreen_	2019	6	4	105	20	4	0	7	3	2	2	0	2.333333333	7	46.66666667
East	PA	Forevergreen_	2019	7	6	106	24	4	0	6	1	5	0	0	2	6	48
East	PA	3	2019	7	2	110	36	0	0	0	0	1	3	0	1.333333333	4	48
East	PA	5	2019	7	5	69	25	0	0	0	0	6	0	0	2	6	50
East	PA	Forevergreen_	2019	7	1	113	17	0	0	0	2	3	4	0	3	9	51
East	PA	Cherry_Valley_A	2019	7	2	113	39	0	0	0	1	3	0	0	1.333333333	4	52
East	PA	Cherry_Valley_A	2019	7	1	120	52	0	0	0	0	2	1	1	1	3	52
East	PA	Cherry_Valley_A	2019	7	8	115	39	0	0	0	0	0	4	0	1.333333333	4	52
Midwest	IN	9	2020	9	7	104	26	0	3	0	0	6	0	0	2	6	52
East	PA	5	2019	7	9	52	27	0	0	0	2	4	0	0	2	6	54
Midwest	MI	10	2020	9	3	110	41	0	1	0	2	2	0	0	1.333333333	4	54.66666667
East	PA	Forevergreen_	2019	6	7	122	21	5	0	8	1	3	4	0	2.666666667	8	56
East	PA	Cherry_Valley_B	2019	6	10	173	25	3	0	7	2	1	4	0	2.333333333	7	58.33333333
East	PA	Cherry_Valley_A	2019	7	2	104	22	0	0	8	1	5	2	0	2.666666667	8	58.66666667
East	PA	4	2019	6	8	95	30	5	0	0	0	1	5	0	2	6	60
East	PA	Cherry_Valley_A	2019	7	6	125	36	3	0	0	0	3	2	0	1.666666667	5	60
East	PA	Cherry_Valley_A	2019	7	9	126	45	0	0	0	0	0	4	2	1.333333333	4	60
East	PA	5	2019	7	4	72	23	0	0	0	0	1	7	0	2.666666667	8	61.33333333
East	PA	Cherry_Valley_B	2019	6	3	125	37	6	0	8	1	1	3	0	1.666666667	5	61.66666667
East	PA	Cherry_Valley_A	2019	7	10	136	27	0	9	0	2	3	2	0	2.333333333	7	63
East	PA	5	2019	7	1	96	24	3	0	0	0	1	7	0	2.666666667	8	64
East	PA	Cherry_Valley_A	2019	7	1	97	32	0	0	0	0	3	3	0	2	6	64
Midwest	MI	20	2018	9	10	107.6	18	0	0	0	0	11	0	0	3.666666667	11	66
East	PA	Cherry_Valley_B	2019	7	7	109	20	2	0	9	6	3	1	0	3.333333333	10	66.66666667
East	PA	Cherry_Valley_B	2019	6	4	108	23	2	0	6	2	4	3	0	3	9	69
East	PA	Cherry_Valley_B	2019	6	9	93	21	0	0	10	3	2	5	0	3.333333333	10	70
East	PA	Cherry_Valley_A	2019	.	3	136	43	0	0	0	2	3	0	0	1.666666667	5	71.66666667
East	PA	Forevergreen_	2019	7	1	105	18	2	0	12	6	4	2	0	4	12	72
East	PA	1	2019	7	2	95	28	0	0	0	0	1	7	0	2.666666667	8	74.66666667
East	PA	Forevergreen_	2019	7	6	111	25	0	3	0	4	1	4	0	3	9	75
East	PA	Cherry_Valley_A	2019	7	8	115	38	0	0	0	0	4	2	0	2	6	76
East	PA	Cherry_Valley_A	2019	7	5	123	47	0	0	0	0	5	0	0	1.666666667	5	78.33333333
East	PA	Cherry_Valley_A	2019	.	9	116	30	0	0	0	0	2	6	0	2.666666667	8	80
Midwest	MI	24	2020	9	3	1	23	0	11	1	6	3	0	0	3	9	80
East	PA	Cherry_Valley_A	2019	.	7	109	27	0	6	0	5	2	2	0	3	9	81
East	PA	Cherry_Valley_B	2019	7	10	116	25	3	0	9	1	3	6	0	3.333333333	10	83.33333333
East	PA	Forevergreen_	2019	6	1	104	18	2	0	14	10	4	0	0	4.666666667	14	84
East	PA	Forevergreen_	2019	7	6	115	23	0	3	0	3	2	6	0	3.666666667	11	84.33333333
Midwest	MI	19	2018	9	6	88.2	17	0	1	0	1	11	3	0	5	15	85
East	PA	5	2019	7	1	91	24	0	3	0	0	0	11	2	3.666666667	11	88
East	PA	Cherry_Valley_A	2019	7	6	129	38	0	10	0	1	4	2	0	2.333333333	7	88.66666667
East	PA	Cherry_Valley_A	2019	7	10	121	30	0	11	0	1	0	8	0	3	9	90
East	PA	Forevergreen_	2019	7	5	101	20	0	2	0	9	5	0	0	4.666666667	14	93.33333333
Midwest	MI	20	2018	9	4	123.4	28	0	0	0	1	9	0	0	3.333333333	10	93.33333333
East	PA	Cherry_Valley_B	2019	.	8	109	22	0	0	0	0	9	4	0	4.333333333	13	95.33333333
East	PA	Cherry_Valley_A	2019	7	2	119	41	0	0	0	0	1	6	0	2.333333333	7	95.66666667
East	PA	Cherry_Valley_A	2019	6	10	126	32	4	0	9	3	5	1	0	3	9	96
East	PA	Cherry_Valley_A	2019	7	3	152	58	0	0	0	4	0	1	4	1.666666667	5	96.66666667
East	PA	3	2019	7	1	89	37	1	0	0	4	4	0	0	2.666666667	8	98.66666667
Midwest	MI	25	2020	9	4	190	61	0	9	11	0	0	0	0	0	0	99
East	PA	Cherry_Valley_B	2019	.	6	120	23	0	0	0	6	2	5	0	4.333333333	13	99.66666667
Midwest	MI	20	2018	9	1	108.2	31	0	0	0	3	6	1	0	3.333333333	10	103.3333333
East	PA	Cherry_Valley_B	2019	7	7	109	21	0	4	0	2	5	8	0	5	15	105
East	PA	Cherry_Valley_A	2019	6	3	116	28	0	0	12	8	4	0	0	4	12	112
East	PA	Cherry_Valley_B	2019	7	10	147	31	0	2	0	2	1	8	0	3.666666667	11	113.6666667
East	PA	Cherry_Valley_B	2019	.	10	137	29	2	1	0	2	6	4	0	4	12	116
East	PA	Cherry_Valley_A	2019	7	9	121	35	0	0	0	0	7	3	0	3.333333333	10	116.6666667
East	PA	Cherry_Valley_A	2019	7	10	131	27	0	9	0	3	6	4	1	4.333333333	13	117
East	PA	Cherry_Valley_B	2019	7	4	116	22	0	1	0	4	1	11	0	5.333333333	16	117.3333333
East	PA	Forevergreen_	2019	7	4	108	19	0	0	0	14	5	0	0	6.333333333	19	120.3333333
East	PA	5	2019	7	10	87	34	1	0	0	0	1	10	0	3.666666667	11	124.6666667
East	PA	Cherry_Valley_B	2019	.	4	114	22	0	0	0	1	5	11	0	5.666666667	17	124.6666667
East	PA	Cherry_Valley_B	2019	7	9	91	22	0	0	18	5	6	7	0	6	18	132
Midwest	MI	16	2018	9	7	52.1	19	0	0	0	6	11	4	1	7	21	133
East	PA	Cherry_Valley_B	2019	.	5	124	32	3	0	0	3	7	3	0	4.333333333	13	138.6666667
East	PA	Cherry_Valley_A	2019	7	6	128	37	0	10	0	2	5	5	0	4	12	148
East	PA	3	2019	6	1	66	32	3	0	0	0	14	0	0	4.666666667	14	149.3333333
East	PA	Cherry_Valley_B	2019	7	8	113	24	0	0	0	2	11	6	0	6.333333333	19	152
East	PA	Cherry_Valley_B	2019	7	6	122	22	0	2	0	4	3	14	0	7	21	154
East	PA	Cherry_Valley_A	2019	7	9	129	42	0	0	0	3	6	2	0	3.666666667	11	154
East	PA	Cherry_Valley_B	2019	7	2	130	31	4	0	15	4	6	5	0	5	15	155
Midwest	MI	11	2020	9	8	75	26	0	0	0	4	10	4	0	6	18	156
East	PA	Cherry_Valley_A	2019	7	3	151	59	0	0	0	2	4	2	0	2.666666667	8	157.3333333
East	PA	Cherry_Valley_B	2019	.	7	110	21	0	0	0	2	7	14	0	7.666666667	23	161
East	PA	Cherry_Valley_B	2019	6	1	108	50	5	0	10	1	1	8	0	3.333333333	10	166.6666667
Midwest	MI	11	2020	9	7	54	20	0	0	0	15	0	10	0	8.333333333	25	166.6666667
East	PA	Cherry_Valley_B	2019	7	5	114	29	3	0	18	1	12	5	0	6	18	174
East	PA	Cherry_Valley_B	2019	7	8	119	24	0	0	0	3	14	5	0	7.333333333	22	176
Midwest	MI	25	2020	9	1	200	21	0	2	53	10	0	0	0	3.333333333	10	176
Midwest	MI	18	2018	9	2	101.4	11	0	4	44	0	1	0	0	0.333333333	1	179.6666667
Midwest	MI	16	2018	9	1	102.5	16	0	0	0	1	17	16	0	11.33333333	34	181.3333333
East	PA	Cherry_Valley_B	2019	7	3	135	42	5	0	13	3	6	4	0	4.333333333	13	182
Midwest	MI	24	2020	9	6	143	45	0	16	1	12	0	0	0	4	12	196
East	PA	Cherry_Valley_B	2019	7	9	105	22	0	0	0	3	17	7	0	9	27	198
East	PA	Cherry_Valley_B	2019	7	8	107	20	1	0	30	8	12	10	0	10	30	200
East	PA	5	2019	7	5	49	24	0	0	0	0	13	12	0	8.333333333	25	200
East	PA	Cherry_Valley_B	2019	7	8	118	26	0	0	0	0	13	11	0	8	24	208
Midwest	MI	20	2018	9	9	64	15	0	0	0	40	0	2	0	14	42	210
East	PA	Cherry_Valley_B	2019	7	9	105	23	0	0	0	12	9	7	0	9.333333333	28	214.6666667
East	PA	Cherry_Valley_B	2019	7	7	118	19	0	4	0	8	10	16	0	11.33333333	34	215.3333333
Midwest	IN	9	2020	9	10	66	22	0	0	0	0	4	26	0	10	30	220
Midwest	MI	24	2020	9	4	135	39	0	14	0	10	7	0	0	5.666666667	17	221
East	PA	5	2019	7	4	69	28	2	0	0	14	1	9	0	8	24	224
East	PA	Cherry_Valley_B	2019	7	5	129	32	0	2	0	2	6	15	0	7.666666667	23	245.3333333
East	PA	Cherry_Valley_B	2019	7	10	135	31	0	2	0	3	2	19	0	8	24	248
Midwest	MI	20	2018	9	5	105.6	26	0	0	0	30	0	0	0	10	30	260
East	PA	Cherry_Valley_B	2019	.	3	139	47	2	0	0	1	12	4	0	5.666666667	17	266.3333333
East	PA	Cherry_Valley_B	2019	.	9	102	22	0	0	0	1	35	2	0	12.66666667	38	278.6666667
East	PA	5	2019	7	5	56	24	0	0	0	7	28	0	0	11.66666667	35	280
East	PA	Cherry_Valley_B	2019	7	6	124	22	0	2	0	3	28	8	0	13	39	286
East	PA	3	2019	7	1	86	36	4	0	0	4	22	0	0	8.666666667	26	312
Midwest	MI	15	2018	9	9	117.5	28	0	11	0	1	3	31	0	11.66666667	35	326.6666667
East	PA	Cherry_Valley_B	2019	7	10	134	31	0	2	0	9	13	10	0	10.66666667	32	330.6666667
East	PA	Cherry_Valley_B	2019	7	7	112	19	0	4	0	9	17	28	0	18	54	342
East	PA	Cherry_Valley_B	2019	7	1	119	50	5	0	21	1	6	14	0	7	21	350
Midwest	MI	25	2020	9	2	27	50	0	8	10	10	9	0	0	6.333333333	19	396.6666667
East	PA	Cherry_Valley_B	2019	7	9	106	23	0	0	0	0	44	8	0	17.33333333	52	398.6666667
East	PA	Cherry_Valley_B	2019	7	6	125	22	0	2	0	8	36	16	0	20	60	440
Midwest	MI	17	2018	9	8	107.2	19	0	5	88	0	0	2	0	0.666666667	2	452.6666667
East	PA	5	2019	7	5	57	21	0	0	0	2	47	18	0	22.33333333	67	469
Midwest	MI	23	2020	9	8	116	24	0	3	33	47	0	0	0	15.66666667	47	475
East	PA	Cherry_Valley_B	2019	.	2	134	32	2	0	0	5	25	17	0	15.66666667	47	501.3333333
East	PA	Cherry_Valley_B	2019	7	4	115	22	0	1	0	5	41	26	0	24	72	528
East	PA	3	2019	7	1	88	35	6	0	0	10	19	23	0	17.33333333	52	606.6666667
Midwest	MI	11	2020	9	2	58	14	0	0	0	72	8	50	0	43.33333333	130	606.6666667
Midwest	MI	11	2020	9	9	34	12	0	0	0	74	58	30	0	54	162	648
Midwest	MI	17	2018	9	6	152.5	22	0	14	33	17	27	0	0	14.66666667	44	784.6666667
East	PA	Cherry_Valley_B	2019	7	5	130	33	0	2	0	7	25	43	0	25	75	825
Midwest	MI	21	2020	9	1	171	50	0	11	7	5	14	27	0	15.33333333	46	843.6666667
Midwest	MI	17	2018	9	1	104.5	21	0	0	0	8	44	74	0	42	126	882
East	PA	Cherry_Valley_B	2019	7	2	179	33	0	4	0	12	38	34	0	28	84	924
Midwest	MI	17	2018	9	4	143.7	16	0	9	89	2	26	7	0	11.66666667	35	987.6666667
East	PA	Cherry_Valley_B	2019	.	1	137	59	5	0	0	1	16	43	0	20	60	1180
Midwest	MI	17	2018	9	7	162.4	24	0	14	83	4	1	0	0	1.666666667	5	1202
East	PA	Cherry_Valley_B	2019	7	5	131	33	0	2	0	10	61	47	0	39.33333333	118	1298
Midwest	MI	17	2018	9	2	130.3	12	0	9	51	44	112	61	0	72.33333333	217	1327
East	PA	Cherry_Valley_B	2019	7	4	116	22	0	1	0	11	72	102	1	61.66666667	185	1356.666667
Midwest	MI	17	2018	9	5	150.4	16	0	12	94	7	20	22	0	16.33333333	49	1389.333333
Midwest	MI	23	2020	9	5	171	29	0	2	167	64	46	0	1	36.66666667	110	1397.333333
East	PA	Cherry_Valley_B	2019	7	3	183	41	0	5	0	14	11	82	0	35.66666667	107	1462.333333
East	PA	Cherry_Valley_B	2019	7	2	134	32	0	4	0	56	73	15	0	48	144	1536
East	PA	Cherry_Valley_B	2019	7	2	137	31	0	4	0	30	51	84	0	55	165	1705
Midwest	MI	17	2018	9	9	139.6	19	0	9	126	38	42	14	0	31.33333333	94	1729.333333
East	PA	Cherry_Valley_B	2019	7	3	140	45	0	5	0	12	28	82	0	40.66666667	122	1830
East	PA	Cherry_Valley_B	2019	7	1	135	55	0	1	0	4	54	56	0	38	114	2090
East	PA	Cherry_Valley_B	2019	7	3	136	41	0	5	0	32	30	118	0	60	180	2460
East	PA	Cherry_Valley_B	2019	7	1	178	60	0	1	0	118	49	40	0	69	207	4140
East	PA	Cherry_Valley_B	2019	7	1	179	66	0	1	0	96	69	91	0	85.33333333	256	5632
