Plant	Pod	Total_seedmass_g	Num_seeds	Avg_seedmass	Location	Aphids_at_start
1	1	1.785	271	0.006586716	SC	Y
1	2	0.964	246	0.003918699	SC	Y
1	3	1.587	257	0.006175097	SC	Y
1	4	1.22	235	0.005191489	SC	Y
1	5	1.43	228	0.00627193	SC	Y
1	6	1.459	243	0.006004115	SC	Y
1	7	1.356	266	0.005097744	SC	Y
1	8	0.959	258	0.003717054	SC	Y
1	9	1.431	247	0.005793522	SC	Y
2	1	1.528	233	0.00655794	SC	N
2	2	1.446	210	0.006885714	SC	N
3	1	1.232	217	0.005677419	SC	N
4	1	1.152	170	0.006776471	SC	N
4	2	1.397	196	0.007127551	SC	N
5	1	1.088	184	0.005913043	SC	Y
5	2	1.086	186	0.00583871	SC	Y
5	3	1.125	209	0.005382775	SC	Y
5	4	1.239	197	0.00628934	SC	Y
6	1	1.287	229	0.005620087	SC	N
6	2	1.252	210	0.005961905	SC	N
6	3	1.252	200	0.00626	SC	N
6	4	1.441	237	0.006080169	SC	N
6	5	1.282	231	0.005549784	SC	N
6	6	1.45	233	0.006223176	SC	N
6	7	1.206	211	0.00571564	SC	N
6	8	1.362	241	0.005651452	SC	N
6	9	1.378	232	0.005939655	SC	N
6	10	1.419	235	0.006038298	SC	N
6	11	1.361	232	0.005866379	SC	N
6	12	1.278	225	0.00568	SC	N
6	13	1.214	201	0.006039801	SC	N
6	14	1.318	209	0.00630622	SC	N
7	1	0.897	119	0.007537815	SC	N
7	2	0.82	111	0.007387387	SC	N
7	3	0.621	77	0.008064935	SC	N
8	1	1.42	195	0.007282051	SC	N
8	2	1.066	210	0.00507619	SC	N
8	3	1.102	192	0.005739583	SC	N
9	1	0.453	45	0.010066667	SC	N
9	2	0.988	212	0.004660377	SC	N
9	3	1.062	122	0.008704918	SC	N
9	4	1.308	231	0.005662338	SC	N
10	1	0.733	110	0.006663636	SC	Y
10	2	0.549	89	0.006168539	SC	Y
10	3	0.616	94	0.006553191	SC	Y
11	1	0.716	86	0.008325581	SC	Y
11	2	0.952	129	0.007379845	SC	Y
11	3	0.931	116	0.008025862	SC	Y
11	4	0.842	124	0.006790323	SC	Y
11	5	0.676	84	0.008047619	SC	Y
11	6	1.092	151	0.007231788	SC	Y
12	1	1.269	199	0.006376884	SC	N
12	2	1.349	220	0.006131818	SC	N
12	3	1.461	221	0.00661086	SC	N
12	4	1.329	244	0.005446721	SC	N
12	5	1.293	226	0.005721239	SC	N
13	1	1.402	212	0.006613208	SC	Y
13	2	1.344	242	0.005553719	SC	Y
13	3	0.828	185	0.004475676	SC	Y
13	4	1.467	254	0.005775591	SC	Y
14	1	1.283	200	0.006415	SC	N
14	2	1.463	239	0.006121339	SC	N
14	3	1.329	216	0.006152778	SC	N
15	1	1.479	206	0.007179612	SC	N
15	2	1.491	209	0.007133971	SC	N
15	3	1.439	193	0.007455959	SC	N
16	1	1.296	219	0.005917808	SC	N
16	2	1.337	219	0.006105023	SC	N
16	3	1.428	239	0.005974895	SC	N
16	4	0.673	126	0.00534127	SC	N
16	5	1.343	226	0.005942478	SC	N
17	1	1.43	219	0.00652968	SC	Y
17	2	1.425	215	0.006627907	SC	Y
17	3	1.544	226	0.006831858	SC	Y
18	1	1.23	190	0.006473684	SC	Y
19	1	0.963	244	0.003946721	SC	Y
19	2	0.942	221	0.004262443	SC	Y
19	3	1.044	262	0.003984733	SC	Y
19	4	1.164	278	0.00418705	SC	Y
19	5	1.186	286	0.004146853	SC	Y
19	6	1.252	278	0.004503597	SC	Y
19	7-9	3.255	845	0.003852071	SC	Y
20	1	0.676	230	0.00293913	SC	N
20	2	0.999	260	0.003842308	SC	N
20	3	1.263	262	0.004820611	SC	N
20	4	0.862	205	0.004204878	SC	N
20	5	1.182	264	0.004477273	SC	N
20	6	0.816	228	0.003578947	SC	N
20	7	1.203	290	0.004148276	SC	N
21	1	1.104	273	0.004043956	SC	Y
21	2	1.253	326	0.003843558	SC	Y
21	3	1.189	310	0.003835484	SC	Y
21	4	1.147	312	0.003676282	SC	Y
21	5	1.006	323	0.003114551	SC	Y
21	6	0.173	274	0.000631387	SC	Y
21	7	0.138	212	0.000650943	SC	Y
21	8	0.138	244	0.000565574	SC	Y
21	9	0.79	222	0.003558559	SC	Y
21	10	0.085	14	0.006071429	SC	Y
21	11	0.128	43	0.002976744	SC	Y
21	12	1.078	322	0.003347826	SC	Y
22	1	1.247	257	0.00485214	SC	N
22	2	1.303	287	0.00454007	SC	N
22	3	1.384	282	0.004907801	SC	N
22	4	0.109	65	0.001676923	SC	N
22	5	1.231	276	0.004460145	SC	N
23	1	0.055	4	0.01375	SC	Y
23	2	0.471	261	0.001804598	SC	Y
24	1	1.955	246	0.007947154	SC	Y
25	1	1.113	240	0.0046375	SC	Y
25	2	1.118	221	0.005058824	SC	Y
25	3	1.211	238	0.005088235	SC	Y
25	4	0.964	219	0.004401826	SC	Y
25	5	0.973	258	0.003771318	SC	Y
26	1	1.35	228	0.005921053	SC	Y
26	2	1.324	224	0.005910714	SC	Y
26	3	1.099	211	0.005208531	SC	Y
27	1	0.067	62	0.001080645	SC	N
27	2	1.636	224	0.007303571	SC	N
28	1	0.792	172	0.004604651	SC	Y
28	2	1.004	227	0.004422907	SC	Y
28	3	0.998	210	0.004752381	SC	Y
28	4	0.93	188	0.004946809	SC	Y
29	1	1.017	230	0.004421739	SC	Y
29	2	0.606	193	0.003139896	SC	Y
29	3	1.078	227	0.004748899	SC	Y
29	4	0.897	220	0.004077273	SC	Y
30	1	0.815	209	0.003899522	SC	N
30	2	1.033	247	0.004182186	SC	N
30	3	1.26	255	0.004941176	SC	N
30	4	0.425	118	0.003601695	SC	N
30	5	0.713	208	0.003427885	SC	N
31	1	1.608	265	0.006067925	WNC	Y
31	2	1.453	264	0.005503788	WNC	Y
31	3	1.587	247	0.006425101	WNC	Y
31	4	1.567	242	0.006475207	WNC	Y
31	5	1.401	220	0.006368182	WNC	Y
31	6	1.537	230	0.006682609	WNC	Y
31	7	1.009	212	0.004759434	WNC	Y
32	1	1.874	244	0.007680328	WNC	Y
33	1	1.688	222	0.007603604	WNC	N
33	2	1.735	242	0.007169421	WNC	N
34	1	1.744	262	0.006656489	WNC	N
34	2	1.429	196	0.007290816	WNC	N
34	3	1.143	203	0.005630542	WNC	N
35	1	1.452	266	0.005458647	WNC	Y
35	2	1.542	257	0.006	WNC	Y
35	3	1.657	262	0.006324427	WNC	Y
35	4	1.274	251	0.005075697	WNC	Y
35	5	1.328	243	0.005465021	WNC	Y
36	1	1.334	202	0.00660396	WNC	N
36	2	1.563	220	0.007104545	WNC	N
37	1	1.898	245	0.007746939	WNC	N
37	2	1.597	221	0.007226244	WNC	N
38	1	1.404	227	0.006185022	WNC	N
38	2	1.796	231	0.007774892	WNC	N
38	3	1.656	249	0.006650602	WNC	N
38	4	1.437	238	0.006037815	WNC	N
39	1	1.593	235	0.006778723	WNC	N
39	2	1.648	228	0.00722807	WNC	N
39	3	1.177	206	0.005713592	WNC	N
39	4	1.462	230	0.006356522	WNC	N
40	1	1.687	249	0.0067751	WNC	Y
40	2	1.732	266	0.006511278	WNC	Y
41	1	1.6	217	0.007373272	WNC	N
41	2	1.649	234	0.007047009	WNC	N
41	3	1.53	225	0.0068	WNC	N
42	1	0.513	166	0.003090361	WNC	N
42	2	1.289	244	0.005282787	WNC	N
42	3	1.583	267	0.005928839	WNC	N
42	4	1.613	248	0.006504032	WNC	N
42	5	1.595	259	0.006158301	WNC	N
43	1	0.79	208	0.003798077	WNC	N
43	2	1.751	241	0.00726556	WNC	N
43	3	1.609	213	0.007553991	WNC	N
44	1	1.864	262	0.007114504	WNC	N
44	2	1.952	276	0.007072464	WNC	N
44	3	1.08	191	0.00565445	WNC	N
45	1	1.074	195	0.005507692	WNC	Y
45	2	1.197	213	0.005619718	WNC	Y
45	3	1.527	220	0.006940909	WNC	Y
45	4	1.094	190	0.005757895	WNC	Y
46	1	0.762	169	0.004508876	WNC	Y
47	1	1.255	230	0.005456522	WNC	N
47	2	0.922	174	0.005298851	WNC	N
47	3	1.499	221	0.006782805	WNC	N
47	4	1.535	233	0.006587983	WNC	N
48	1	1.315	252	0.005218254	WNC	N
48	2	1.102	211	0.005222749	WNC	N
48	3	1.067	204	0.005230392	WNC	N
49	1	1.226	228	0.005377193	WNC	N
49	2	0.807	192	0.004203125	WNC	N
49	3	0.93	113	0.008230088	WNC	N
50	1	0.701	163	0.004300613	WNC	N
50	2	1.47	252	0.005833333	WNC	N
50	3	1.503	220	0.006831818	WNC	N
50	4	1.677	241	0.006958506	WNC	N
51	1	1.443	266	0.005424812	WNC	Y
51	2	1.366	256	0.005335938	WNC	Y
51	3	1.581	249	0.006349398	WNC	Y
52	1	1.423	268	0.005309701	WNC	Y
52	2	1.668	254	0.006566929	WNC	Y
52	3	1.232	241	0.005112033	WNC	Y
52	4	1.19	251	0.004741036	WNC	Y
53	1	1.582	246	0.006430894	WNC	Y
53	2	1.524	228	0.006684211	WNC	Y
53	3	1.408	227	0.006202643	WNC	Y
53	4	1.312	222	0.00590991	WNC	Y
54	1	1.265	207	0.006111111	WNC	Y
54	2	1.069	163	0.006558282	WNC	Y
54	3	0.581	92	0.006315217	WNC	Y
55	1	1.065	263	0.00404943	WNC	Y
55	2	0.554	179	0.003094972	WNC	Y
56	1	0.716	247	0.002898785	WNC	Y
57	1	0.78	239	0.003263598	WNC	Y
57	2	0.672	193	0.003481865	WNC	Y
57	3	0.703	216	0.00325463	WNC	Y
58	1	0.621	197	0.003152284	WNC	N
58	2	1.413	284	0.004975352	WNC	N
59	1	1.731	334	0.005182635	WNC	Y
59	2	1.5	297	0.005050505	WNC	Y
59	3	1.491	295	0.005054237	WNC	Y
59	4	1.584	336	0.004714286	WNC	Y
60	1	1.088	190	0.005726316	WNC	Y
60	2	1.391	244	0.00570082	WNC	Y
60	3	1.499	223	0.006721973	WNC	Y
60	4	1.319	212	0.006221698	WNC	Y
60	5	1.277	208	0.006139423	WNC	Y
